HISTORY 0.05450000000000001 0.9455
CVP 0.11434099999999997 0.731104 0.15455499999999997
PCWP 0.11434099999999998 0.678729 0.20692999999999998
HYPOVOLEMIA 0.20000000000000007 0.8
LVEDVOLUME 0.08859999999999998 0.7019 0.2095
LVFAILURE 0.05 0.95
STROKEVOLUME 0.18080000000000007 0.7787999999999998 0.0404
ERRLOWOUTPUT 0.05 0.95
HRBP 0.17827507217493352 0.060565706408351766 0.7611592214167148
HREKG 0.17160469120854058 0.09897910419575827 0.7294162045957012
ERRCAUTER 0.10000000062445459 0.8999999993755454
HRSAT 0.17160469120854055 0.09897910419575828 0.7294162045957012
INSUFFANESTH 0.0999999999972713 0.9000000000027287
ANAPHYLAXIS 0.009999999995728145 0.9900000000042718
TPR 0.3067999998644169 0.39609999984079697 0.2971000002947861
EXPCO2 0.17266004098987886 0.6256942659231369 0.16694756606939526 0.03469812701758906
KINKEDTUBE 0.03999999849925379 0.9600000015007462
MINVOL 0.6847034585247564 0.0633790203890475 0.0463876272990017 0.20552989378719438
FIO2 0.04999999999944736 0.9500000000005526
PVSAT 0.7850549792380271 0.022831933748142023 0.1921130870138309
SAO2 0.7872545831919159 0.03560744384626627 0.17713797296181794
PAP 0.04960000000001657 0.892900000000294 0.05749999999968948
PULMEMBOLUS 0.009999999999585965 0.990000000000414
SHUNT 0.8969050015919406 0.1030949984080592
INTUBATION 0.9200000029381685 0.02999999884355102 0.0499999982182803
PRESS 0.027214452500886596 0.25382320484115345 0.21101824619584936 0.5079440964621107
DISCONNECT 0.09999999663453793 0.900000003365462
MINVOLSET 0.04999999825017082 0.9000000015368552 0.050000000212974086
VENTMACH 0.04999999820801405 0.05599999799297574 0.8380000034170023 0.056000000382007864
VENTTUBE 0.19220799285816914 0.7340320066384255 0.015376000053641415 0.05838400044976403
VENTLUNG 0.7426392664017526 0.21998979490467346 0.011643723050251988 0.02572721564332195
VENTALV 0.67326698736648 0.06603333913759758 0.05606934677925662 0.20463032671666587
ARTCO2 0.19380307118976384 0.0773935317162602 0.728803397093976
CATECHOL 0.10303653518596206 0.896963464814038
HR 0.014121461936622432 0.17345959361366228 0.8124189444497153
CO 0.17255187691227633 0.18609660603658137 0.6413515170511424
BP 0.39202623328995767 0.20298052907290579 0.4049932376371367
